0.0869 0.0835 0.0794 0.0897 0.0839 0.0826 0.0837 0.0893 0.0786 0.0997
|
0.9634 0.9356 0.8054 0.6921 0.5309 0.4179 0.2756 0.1855 0.1654 0.1514
0.9596 0.9702 0.9192 0.8559 0.7259 0.6179 0.4385 0.2621 0.2208 0.1549
0.9141 0.9603 0.9724 0.9550 0.9120 0.8450 0.6835 0.4618 0.4001 0.2541
0.8774 0.9464 0.9753 0.9767 0.9529 0.9120 0.7965 0.5885 0.5184 0.3557
0.8535 0.9294 0.9682 0.9782 0.9756 0.9609 0.8986 0.7415 0.6777 0.4715
0.8393 0.9131 0.9577 0.9707 0.9775 0.9763 0.9416 0.8402 0.7912 0.6058
0.8292 0.9032 0.9477 0.9591 0.9720 0.9774 0.9778 0.9284 0.8999 0.7616
0.8062 0.8856 0.9218 0.9362 0.9456 0.9560 0.9701 0.9737 0.9633 0.9102
0.7983 0.8788 0.9158 0.9314 0.9416 0.9493 0.9652 0.9768 0.9784 0.9442
0.7864 0.8715 0.9130 0.9253 0.9303 0.9338 0.9463 0.9624 0.9665 0.9650

Final Accuracy: 0.9201
Backward: -0.0529
Forward:  0.7731
